$ANSIBLE_VAULT;1.1;AES256
36333864323639376566623966613066356638323163326537313466343734376538636664346633
6231616536666536313934343037353866353234343837630a346233393663343138313261636261
32663132613332346335303430333563663337643839343639333663643733316433363634623261
6337323863623336330a346638623063353235333933396136363232363536306664303364343634
35633038396164376233666430636164393136383165303562663834646466353336373433616264
62326162623535316462393463356665613762386231366530633263646164393734383664396439
35353266636239383565343965353461373230316335386266343164393432373730343231393931
62376466646434353739373931613962643536636634326139386265616665353862616665623132
64666539396339396532383464656133633831353361393664616337306131346537343566313631
35323235663736343364636135643563326136346464363637656132323232626331666161613165
34326335356536393861396338396531316265316135323638313264666234613163363263663333
36326365666435393936653366306236393431613132333639313837326534343434633162326336
38613931343331323162336666363065303032393661653235616661663566373764643433353066
34616665653239623631353161343736663465663439653832646237316363333366366639643133
39633962623434623637666535653561616436613964383466623961626362313932383636643834
30393139663337353236316365336139343935383636393562613561343739306335393239306430
32656633363232633961623936353733336531303735633138336536383661366636353034336636
31643666333535313134306239623861393437613938363862656562363862613262666166633065
63303066326534643862393730366537386336656232313762373335653866336132383562323565
31376362336366303634616538336662313133356364383030343963326465396232373736376236
39646666386538643563313938646165363335306135633863363336653030326465383664306630
38323365363735326236326431313231303364383833633736386432353164373863653766353063
38306531626161366232633736623030643232633738303439363635336465613130356264373436
64313730626265396137663833656135363836616632613033353434343239663735613336306665
30393562373163366331353263376136616465306538353030653861613035363564333763313466
30383035336462333335653138363164303763383033396332303166613039313964393933666365
31326266613839366365633431333761373737653337346236383333326165316563313664633033
39373637313233303235383032353837343561346636343966316461303832653231313233663465
32383765653735313064616562623137346163333335346136343530396536643766653731366438
36363964336464613437303039393965623663373165616536626630303237616433323161353036
34393465613030643237633466343136303339616136616433633162633830346635623830373639
33633464643630313761333336306534613334346164396232663966326437663536643634393037
38383334363236396333386232306564643339383462313530623463336266353632646331373861
35616637346538326265323962626363313833386234653036383530613366393033346439653739
30316436313738303737613731383739363964346332326465316334626339383865303263613239
37363732383932366163333563633265383531363635393332653261353862313764346637366465
31353139363566626464393866356337626465653339306234363530323836383637366536656635
66303533623939643834363034346462643566633665313333366435303564643832363262623861
39663831656434653437393761623533393766373264663433656662653437363863333066613063
63363839656564346533373262383332303663366234333062376561663730373637623261326235
3965
